1111111111144444444411111111111111111111111111111111111111111111111111
1111111444444444444411144111111111111111111111111111111111111111111111
1111144444444444111144444444111111111111111111111111111111111111111111
1114444444444411111144444444111111111111111111111111111111111111111111
1144444444441111444114444441114411111111111111111111111111111111111111
1144444444411444444444444444444444411111111111111111111111111111111111
1444444444111144444441111114444444411111111111111111111111111111111111
1444444444111114444441111111444444111111111111111111111111111111111111
1444444444111111111441111114441111111111111111111111111111111111111111
1144444444411111444444444444444411111111111111111111111111111111111111
1144444444441111444444444444444411111111111111111111111111111111111111
1114444444444111144444411444444111111111111111111111111111111111111111
1111144444444444144114411441114111111111111111111111111111111111111111
1111111444444444444411111111111111111111111111111111111111111111111111
1111111111444444444411111111111111111111111111111111111111111111111111
4444444444444444444444444444444444444444444444444444444444444444444444
4444444444444444444444444444444444444444444444444444444444444444444444
4444444444444444444444444444444444444444444444444444444444444444444444
4444444444444444444444444444444444444444444444444444444444444444444444
4444444444444444444444444444444444444444444444444444444444444444444444
4444444444444444444444444444444444444444444444444444444444444444444444
4444444444444444444444444444444444444444444444444444444444444444444444
4444444444444444444444444444444444444444444444444444444444444444444444
4444444444444444444444444444444444444444444444444444444444444444444444
4444444444444444444444444444444444444444444444444444444444444444444444
4444444444444444444444444444444444444444444444444444444444444444444444
4444444444444444444444444444444444444444444444444444444444444444444444
4444444444444444444444444444444444444444444444444444444444444444444444
4444444444444444444444444444444444444444444444444444444444444444444444
4444444444444444444444444444444444444444444444444444444444444444444444
